20
LoginPage  0 0 800 600
4 
 学生  400 50 150 50
 管理员	  600 50 150 50
 教师    800 50 150 50
 ok		  400 170 150 50
2 
account 50 110 300 20
key   50 170 300 20
2
usertype  。。  50 50  300 20
tag   登录   400 10  150 30


AdminPage 0 0 800 600
4
个人信息 10 30 150  40
用户管理 10 93 150 40
课程管理 10 150 150 40
退出     10 195 150 40
0
1
username  欢迎使用 20 5 200 20


UserManagePage 250 10 1000 680
4
学生表 270 50 150 40
教师表 270 100 150 40
添加用户 270 170 150 40
删除用户 270 230 150 40
0
1
tag 用户管理 320 10 200 20



StudentListPage 550 10 600 700
0
0
1
tag 学生表 680 22 200 20




TeacherListPage 550 10 600 700
0
0
1
tag 教师表 680 22 200 20



AddUserPage 600 10 550 700
5
学生 900 40 80 30
教师 990 40 80 30
OK  800 266 100 30
男 900 150 80  30
女 990 150 80 30
2
name  750 110 120 15
key  750 190 120 15
7
tag 类型 660 60 70 15
tag 性别 660 150 70 15
tag 姓名 660 110 70 15
tag 密码 660 195 70 15
type 。。 750 60 120  15
sex 。。 750 150 120 15
tag 添加用户 660 10 150 15



CourseManagePage 300 10 1100 700
2
课程表  350 100 150  30
添加课程 350 140 150 30
0 
1
tag 课程管理 500 15  120 15



AddCoursePage 330 10 800 700
1
添加   550 240  100 40
2
coursename  620 90 200 15
teachername 620 140  200 15
3
tag 添加课程 550 20 120 15
tag 课程名 510 90 90 15
tag 老师号 510 140 90 15


DeleteUserPage  500 10 700 700
3
学生 810 80 80 30
教师 950 80 80 30
查找 700 240 80 30
2
user 680 150 300 20
id   680 190 300 20
6
tag 删除用户 680 20 120 15
tag 类型 600 90 60 15
type 。。 680 90 100 15
tag 姓名 600 150 60 15
tag id  600 190 60 15
tag 查找结果 670 360 120 15


DeleteCoursePage 450 10 700 700
1
查找   700 100   120 30
2
coursename 750 35 300 15
courseid   750 50 300 15
3
tag 删除课程 650  15 120 15
tag 课程名 600 35 120 15
tag 课程号 600 50 120 15



StudentPage 0 0 1200 900
6
个人信息 20 30 150 40
查看课表 20 75 150 40
查看成绩 20 120 150 40
选课     20 165 150 40
已选课程 20 210 150 40
退出     20 255 150 40
0
1
tag 欢迎使用 20 10 120 15


StudentInfoPage 250 10 900 700
0
0
1
tag  个人信息 400 20 120 15


CourseTablePage 250 10 900 700
0
0
1
tag  课表  400 20 120 15


StudentScorePage 250 10 900 700
0
0
1
tag  查看成绩  400 20 120 15

SelectCoursePage 250 10 900 700
0
0
1
tag  选课  400 20 120 15


SelectedCoursePage 250 10 900 700
0
0
1
tag  已选课程  400 20 120 15


TeacherPage 0 0 1200 900
4
个人信息 20 30 150 40
查看课表 20 75 150 40
修改成绩 20 120 150 40
退出     20 165 150 40
0
1
tag 欢迎使用 20 10 120 15



TeacherInfoPage 250 10 900 700
0
0
1
tag  个人信息  400 20 120 15



TeacherUpdateScorePage 250 10 900 700
0
0
1
tag  修改成绩   400 20 120 15




TeacherCourseTablePage 250 10 900 700
0
0
1
tag  查看课表   400 20 120 15